1
2021-01-01
eTmax: 0.6710638524241047
LirPerc: 37.394848840146906
rso: 8.115764511442283
invRelDist: 1.0329951106939008
eTmin: 0.6242651068705792
PROFmm: 150.0
CIMmm: 72.03648580022467
ete: 0.10504185703592266
PAperc: 28.267720602783125
ea: 0.5953833338200194
solarDeclination: -0.4010080925946237
CCmm: 61.95971284138278
et0: 0.35013952345307553
atmPressure: 98.58750796614773
CIMper: 48.024323866816445
densAppar: 1.377355417529364
psiCost: 0.06556069279748823
sunsetHourAngle: 1.1330676712008314
es: 0.647664479647342
ra: 10.754484935124408
IRRIGutile: 0.0
slopeSat: 0.04678994992343981
rnl: -1.3259114666325627
PAmm: 42.401580904174686
Lirmm: 56.09227326022037
rns: 0.6622
UMIDmm: 61.95971284138278
rn: 1.9881114666325628
CCperc: 41.30647522758852

2
2021-01-02
eTmax: 0.7850810926649487
LirPerc: 37.394848840146906
rso: 8.157464621849535
invRelDist: 1.0329804442244102
eTmin: 0.6242651068705792
PROFmm: 150.0
CIMmm: 72.03648580022467
ete: 0.10987964561005897
PAperc: 28.267720602783125
ea: 0.6678312849214321
solarDeclination: -0.39956372457913614
CCmm: 61.95971284138278
et0: 0.36626548536686326
atmPressure: 98.58750796614773
CIMper: 48.024323866816445
densAppar: 1.377355417529364
psiCost: 0.06556069279748823
sunsetHourAngle: 1.1349466509368178
es: 0.7046730997677639
ra: 10.809743217758845
IRRIGutile: 0.0
slopeSat: 0.05017926791414477
rnl: -1.671446591805797
PAmm: 42.401580904174686
Lirmm: 56.09227326022037
rns: 0.40040000000000003
UMIDmm: 61.95971284138278
rn: 2.071846591805797
CCperc: 41.30647522758852

3
2021-01-03
eTmax: 0.9481365444533236
LirPerc: 37.394848840146906
rso: 8.202563113408443
invRelDist: 1.0329560049375197
eTmin: 0.6614636135223456
PROFmm: 150.0
CIMmm: 72.03648580022467
ete: 0.07018609719363118
PAperc: 28.267720602783125
ea: 0.7431712035983686
solarDeclination: -0.3980009572087643
CCmm: 61.95971284138278
et0: 0.23395365731210396
atmPressure: 98.58750796614773
CIMper: 48.024323866816445
densAppar: 1.377355417529364
psiCost: 0.06556069279748823
sunsetHourAngle: 1.1369752303910612
es: 0.8048000789878347
ra: 10.869504814757294
IRRIGutile: 0.0
slopeSat: 0.056005919117810436
rnl: 1.9163458059588137
PAmm: 42.401580904174686
Lirmm: 56.09227326022037
rns: 3.0569
UMIDmm: 61.95971284138278
rn: 1.1405541940411865
CCperc: 41.30647522758852

