1
2021-01-01
eTmax: 0.6710638524241047
LirPerc: 37.394848840146906
rso: 8.115764511442283
invRelDist: 1.0329951106939008
gradiUtili: 0.8
eTmin: 0.6242651068705792
PROFmm: 150.0
CIMmm: 72.03648580022467
ete: 0.14005580938123022
PAperc: 28.267720602783125
ea: 0.5953833338200194
solarDeclination: -0.4010080925946237
CCmm: 61.95971284138278
et0: 0.35013952345307553
atmPressure: 98.58750796614773
CIMper: 48.024323866816445
ks: 1.0
densAppar: 1.377355417529364
psiCost: 0.06556069279748823
sunsetHourAngle: 1.1330676712008314
es: 0.647664479647342
ra: 10.754484935124408
IRRIGutile: 0.0
slopeSat: 0.04678994992343981
rnl: -1.3259114666325627
PAmm: 42.401580904174686
Lirmm: 56.09227326022037
rns: 0.6622
UMIDmm: 61.95971284138278
rn: 1.9881114666325628
CCperc: 41.30647522758852

